0
0
0
0
0
0
0
0
0
0
0
0
0
0
0
0
0
0
0
0
0
0
0
0
0
0
0
0
0
0
0
0
0
0
0
0
0.0
0.0
0.0
0.0
0.0
0.0
0.0
0.0
0.0
0.0
0.0
0.0
0.0
0.0
0.0
0.0
0.0
0.0
0.0
0.0
0.0
0.0
0.0
0.0
0.0
0.0
0.0
0.0
0.0
0.0
0.0
0.0
0.0
0.0
0.0
0.0
0.0
0.0
0.0
0.0
0.0
0.0
0.0
0.0
0.0
0.0
0.0
0.0
0.0
0.0
0.0
0.0
0.0
0.0
0.0
0.0
0.0
0.0
0.0
0.0
0.0
0.0
1.0
2.0
3.0
4.0
5.0
6.0
0.0
0.0
0.0
0.0
0.0
0.0
0.0
0.0
1.0
2.0
3.0
4.0
5.0
6.0
0.0
0.0
0.0
1.0
2.0
4.0
6.0
8.0
10.0
12.0
14.0
16.0
19.0
22.0
15.0
17.0
19.0
21.0
23.0
25.0
27.0
29.0
31.0
35.0
39.0
43.0
47.0
51.0
22.0
7.0
8.0
9.0
10.0
11.0
12.0
13.0
14.0
15.0
17.0
19.0
21.0
23.0
5.0
6.0
7.0
8.0
9.0
10.0
11.0
13.0
15.0
17.0
19.0
21.0
23.0
25.0
19.0
20.0
21.0
22.0
23.0
24.0
25.0
26.0
27.0
28.0
29.0
30.0
31.0
32.0
0.0
0.0
0.0
0.0
0.0
0.0
0.0
0.0
0.0
1.0
3.0
5.0
9.0
14.0
5.0
7.0
9.0
11.0
13.0
15.0
18.0
21.0
24.0
27.0
30.0
34.0
39.0
44.0
47.0
32.0
35.0
40.0
45.0
50.0
55.0
60.0
65.0
70.0
75.0
80.0
87.0
94.0
78.0
86.0
94.0
103.0
112.0
122.0
132.0
142.0
152.0
162.0
172.0
183.0
194.0
206.0
89.0
95.0
100.0
79.0
70.0
76.0
69.0
75.0
81.0
87.0
93.0
99.0
105.0
111.0
34.0
36.0
38.0
40.0
42.0
44.0
46.0
48.0
50.0
52.0
54.0
56.0
58.0
60.0
30.0
30.0
31.0
2.0
3.0
4.0
5.0
6.0
7.0
8.0
9.0
12.0
16.0
21.0
9.0
12.0
15.0
18.0
21.0
24.0
27.0
30.0
33.0
37.0
41.0
45.0
49.0
53.0
23.0
7.0
10.0
13.0
16.0
20.0
24.0
29.0
35.0
41.0
47.0
53.0
60.0
67.0
36.0
39.0
42.0
42.0
46.0
51.0
56.0
62.0
68.0
74.0
80.0
86.0
92.0
98.0
43.0
46.0
49.0
38.0
41.0
46.0
51.0
56.0
62.0
68.0
74.0
80.0
86.0
92.0
27.0
29.0
32.0
25.0
29.0
34.0
41.0
49.0
57.0
65.0
73.0
81.0
89.0
97.0
70.0
66.0
70.0
74.0
78.0
65.0
70.0
75.0
80.0
85.0
90.0
95.0
101.0
107.0
76.0
82.0
88.0
73.0
81.0
90.0
99.0
108.0
118.0
128.0
139.0
151.0
163.0
176.0
111.0
118.0
126.0
134.0
125.0
133.0
141.0
149.0
157.0
165.0
173.0
181.0
189.0
197.0
111.0
115.0
119.0
109.0
87.0
92.0
98.0
104.0
111.0
118.0
125.0
133.0
141.0
149.0
129.0
135.0
140.0
137.0
143.0
149.0
147.0
153.0
160.0
167.0
175.0
183.0
191.0
200.0
83.0
90.0
98.0
107.0
115.0
125.0
137.0
149.0
161.0
173.0
186.0
199.0
212.0
225.0
133.0
139.0
145.0
140.0
134.0
141.0
148.0
156.0
165.0
175.0
185.0
195.0
205.0
215.0
119.0
123.0
127.0
123.0
127.0
133.0
139.0
147.0
156.0
165.0
177.0
189.0
201.0
213.0
182.0
188.0
194.0
190.0
197.0
204.0
211.0
219.0
227.0
236.0
245.0
255.0
267.0
279.0
137.0
146.0
153.0
159.0
104.0
112.0
91.0
99.0
107.0
116.0
113.0
123.0
133.0
145.0
108.0
120.0
132.0
144.0
152.0
165.0
178.0
191.0
204.0
218.0
232.0
246.0
262.0
278.0
145.0
152.0
159.0
132.0
122.0
128.0
117.0
124.0
118.0
126.0
134.0
142.0
150.0
158.0
74.0
62.0
66.0
68.0
59.0
63.0
67.0
72.0
77.0
82.0
87.0
92.0
97.0
105.0
75.0
79.0
83.0
87.0
91.0
98.0
104.0
111.0
118.0
126.0
134.0
142.0
150.0
158.0
70.0
77.0
87.0
85.0
97.0
110.0
123.0
138.0
153.0
170.0
189.0
210.0
233.0
256.0
241.0
244.0
260.0
258.0
270.0
274.0
290.0
307.0
324.0
335.0
353.0
371.0
389.0
407.0
294.0
284.0
292.0
221.0
229.0
208.0
219.0
221.0
211.0
224.0
237.0
251.0
267.0
284.0
248.0
256.0
263.0
251.0
259.0
267.0
272.0
281.0
290.0
301.0
312.0
323.0
334.0
347.0
234.0
244.0
254.0
215.0
178.0
193.0
197.0
214.0
231.0
250.0
269.0
288.0
307.0
327.0
313.0
329.0
345.0
362.0
370.0
388.0
406.0
424.0
442.0
461.0
480.0
499.0
519.0
540.0
558.0
509.0
529.0
550.0
572.0
595.0
554.0
579.0
574.0
601.0
628.0
655.0
682.0
709.0
462.0
478.0
491.0
380.0
343.0
348.0
287.0
292.0
229.0
212.0
218.0
152.0
158.0
148.0
138.0
145.0
139.0
148.0
157.0
167.0
177.0
187.0
197.0
207.0
130.0
136.0
141.0
105.0
109.0
114.0
112.0
117.0
91.0
97.0
104.0
111.0
118.0
127.0
82.0
91.0
102.0
113.0
124.0
138.0
152.0
167.0
182.0
199.0
216.0
233.0
250.0
268.0
188.0
170.0
178.0
168.0
137.0
146.0
158.0
170.0
182.0
194.0
206.0
218.0
230.0
242.0
142.0
128.0
133.0
91.0
95.0
100.0
85.0
91.0
96.0
104.0
113.0
122.0
132.0
142.0
106.0
115.0
124.0
98.0
111.0
125.0
126.0
141.0
157.0
174.0
193.0
212.0
231.0
250.0
159.0
172.0
184.0
146.0
158.0
171.0
173.0
182.0
199.0
216.0
234.0
252.0
270.0
290.0
186.0
170.0
178.0
147.0
132.0
121.0
122.0
122.0
132.0
143.0
154.0
168.0
182.0
198.0
168.0
183.0
200.0
209.0
228.0
247.0
268.0
290.0
312.0
334.0
357.0
383.0
409.0
435.0
411.0
434.0
457.0
442.0
465.0
489.0
478.0
504.0
500.0
528.0
558.0
589.0
622.0
656.0
532.0
555.0
573.0
506.0
498.0
512.0
477.0
471.0
478.0
480.0
488.0
507.0
526.0
546.0
327.0
297.0
307.0
209.0
146.0
128.0
132.0
104.0
115.0
126.0
135.0
147.0
160.0
174.0
128.0
105.0
108.0
89.0
93.0
83.0
60.0
65.0
70.0
75.0
81.0
88.0
96.0
106.0
81.0
93.0
109.0
125.0
138.0
155.0
173.0
192.0
211.0
231.0
253.0
276.0
299.0
322.0
209.0
222.0
235.0
171.0
183.0
195.0
187.0
199.0
210.0
218.0
233.0
248.0
263.0
279.0
156.0
164.0
171.0
139.0
133.0
141.0
122.0
132.0
142.0
152.0
162.0
172.0
183.0
194.0
161.0
167.0
172.0
179.0
176.0
184.0
183.0
191.0
199.0
209.0
219.0
230.0
241.0
252.0
227.0
238.0
252.0
268.0
284.0
301.0
320.0
339.0
359.0
379.0
399.0
420.0
441.0
462.0
356.0
375.0
394.0
414.0
373.0
393.0
415.0
386.0
412.0
440.0
469.0
499.0
529.0
560.0
386.0
406.0
422.0
341.0
319.0
333.0
289.0
304.0
313.0
309.0
325.0
344.0
363.0
384.0
224.0
210.0
217.0
151.0
130.0
138.0
114.0
107.0
114.0
121.0
123.0
133.0
145.0
158.0
112.0
122.0
130.0
127.0
127.0
136.0
144.0
151.0
163.0
175.0
188.0
201.0
214.0
227.0
185.0
198.0
210.0
210.0
222.0
237.0
253.0
261.0
278.0
293.0
311.0
329.0
347.0
365.0
235.0
244.0
253.0
219.0
225.0
230.0
244.0
259.0
275.0
291.0
308.0
326.0
344.0
362.0
258.0
266.0
273.0
230.0
239.0
231.0
226.0
237.0
249.0
264.0
279.0
294.0
309.0
324.0
276.0
282.0
287.0
277.0
274.0
281.0
289.0
293.0
304.0
315.0
328.0
341.0
354.0
368.0
343.0
338.0
345.0
338.0
345.0
353.0
361.0
369.0
380.0
392.0
404.0
419.0
435.0
453.0
437.0
447.0
458.0
455.0
469.0
483.0
498.0
513.0
528.0
544.0
560.0
578.0
597.0
617.0
394.0
410.0
427.0
379.0
309.0
271.0
262.0
283.0
304.0
326.0
347.0
369.0
393.0
417.0
367.0
393.0
418.0
442.0
436.0
460.0
457.0
482.0
508.0
535.0
542.0
572.0
603.0
635.0
455.0
480.0
503.0
444.0
407.0
425.0
351.0
365.0
377.0
378.0
400.0
423.0
449.0
477.0
289.0
309.0
325.0
319.0
274.0
268.0
233.0
220.0
227.0
225.0
243.0
263.0
283.0
304.0
231.0
243.0
255.0
236.0
218.0
231.0
223.0
239.0
242.0
260.0
278.0
297.0
317.0
338.0
288.0
309.0
329.0
341.0
361.0
381.0
394.0
414.0
435.0
456.0
478.0
501.0
524.0
547.0
379.0
393.0
405.0
352.0
308.0
322.0
282.0
297.0
312.0
327.0
343.0
358.0
374.0
390.0
274.0
253.0
259.0
193.0
198.0
201.0
194.0
187.0
190.0
195.0
201.0
207.0
213.0
219.0
113.0
116.0
119.0
43.0
47.0
51.0
56.0
62.0
69.0
77.0
86.0
95.0
104.0
114.0
43.0
39.0
42.0
26.0
32.0
37.0
37.0
45.0
55.0
66.0
77.0
90.0
105.0
122.0
71.0
75.0
82.0
56.0
53.0
48.0
36.0
37.0
41.0
42.0
47.0
52.0
58.0
66.0
24.0
29.0
34.0
41.0
48.0
56.0
65.0
75.0
87.0
101.0
115.0
130.0
145.0
160.0
139.0
151.0
163.0
175.0
159.0
172.0
185.0
198.0
211.0
224.0
237.0
252.0
268.0
284.0
171.0
179.0
184.0
120.0
106.0
110.0
73.0
80.0
71.0
81.0
91.0
101.0
111.0
123.0
89.0
93.0
97.0
78.0
83.0
88.0
86.0
92.0
98.0
104.0
111.0
118.0
126.0
134.0
86.0
94.0
104.0
115.0
127.0
140.0
156.0
173.0
191.0
209.0
228.0
248.0
269.0
290.0
202.0
215.0
228.0
205.0
219.0
233.0
247.0
262.0
277.0
292.0
308.0
324.0
340.0
356.0
244.0
255.0
263.0
247.0
219.0
180.0
168.0
174.0
178.0
177.0
187.0
197.0
207.0
217.0
229.0
241.0
253.0
266.0
281.0
296.0
311.0
326.0
341.0
356.0
315.0
301.0
309.0
302.0
303.0
311.0
308.0
318.0
328.0
338.0
348.0
358.0
368.0
379.0
249.0
256.0
261.0
197.0
206.0
216.0
128.0
139.0
129.0
142.0
156.0
171.0
187.0
205.0
136.0
145.0
158.0
160.0
166.0
170.0
180.0
195.0
210.0
223.0
238.0
254.0
270.0
287.0
182.0
189.0
196.0
177.0
146.0
155.0
151.0
161.0
158.0
168.0
178.0
188.0
198.0
208.0
165.0
170.0
174.0
169.0
160.0
165.0
156.0
161.0
166.0
171.0
176.0
182.0
188.0
194.0
119.0
123.0
127.0
86.0
93.0
101.0
109.0
118.0
127.0
136.0
145.0
155.0
165.0
176.0
115.0
121.0
128.0
134.0
125.0
136.0
146.0
156.0
166.0
177.0
188.0
200.0
212.0
225.0
137.0
142.0
147.0
105.0
111.0
118.0
119.0
128.0
133.0
142.0
151.0
161.0
171.0
184.0
162.0
174.0
187.0
192.0
207.0
224.0
241.0
259.0
277.0
296.0
315.0
334.0
353.0
372.0
281.0
295.0
308.0
271.0
284.0
297.0
301.0
314.0
327.0
340.0
354.0
368.0
382.0
396.0
258.0
273.0
286.0
298.0
269.0
285.0
258.0
275.0
291.0
311.0
333.0
356.0
381.0
406.0
289.0
255.0
266.0
194.0
204.0
206.0
157.0
167.0
171.0
182.0
193.0
204.0
215.0
227.0
138.0
144.0
150.0
110.0
96.0
103.0
93.0
101.0
109.0
118.0
127.0
137.0
147.0
158.0
117.0
123.0
128.0
130.0
137.0
130.0
137.0
144.0
152.0
155.0
165.0
175.0
185.0
197.0
123.0
132.0
142.0
137.0
148.0
159.0
171.0
184.0
197.0
211.0
225.0
239.0
254.0
270.0
168.0
176.0
185.0
179.0
170.0
181.0
193.0
205.0
217.0
229.0
242.0
255.0
268.0
281.0
231.0
241.0
251.0
229.0
242.0
255.0
268.0
281.0
295.0
310.0
325.0
341.0
357.0
373.0
253.0
265.0
276.0
252.0
217.0
200.0
210.0
193.0
204.0
216.0
228.0
240.0
254.0
268.0
169.0
167.0
173.0
125.0
132.0
117.0
126.0
135.0
143.0
153.0
163.0
173.0
183.0
193.0
139.0
143.0
147.0
127.0
131.0
135.0
127.0
131.0
135.0
139.0
143.0
148.0
153.0
158.0
107.0
110.0
113.0
65.0
69.0
73.0
37.0
42.0
32.0
38.0
46.0
54.0
62.0
71.0
63.0
69.0
75.0
76.0
82.0
88.0
94.0
100.0
106.0
112.0
118.0
124.0
130.0
136.0
80.0
50.0
54.0
33.0
39.0
45.0
53.0
61.0
70.0
79.0
88.0
97.0
108.0
121.0
77.0
82.0
86.0
67.0
71.0
75.0
73.0
77.0
81.0
85.0
89.0
93.0
98.0
104.0
81.0
82.0
85.0
88.0
92.0
96.0
100.0
104.0
108.0
113.0
118.0
125.0
132.0
140.0
134.0
140.0
146.0
146.0
153.0
160.0
170.0
180.0
190.0
200.0
211.0
223.0
235.0
247.0
259.0
271.0
283.0
296.0
309.0
323.0
337.0
352.0
367.0
382.0
309.0
322.0
335.0
284.0
298.0
312.0
326.0
341.0
356.0
371.0
386.0
401.0
416.0
431.0
251.0
257.0
262.0
188.0
194.0
170.0
176.0
182.0
188.0
195.0
202.0
209.0
217.0
226.0
60.0
62.0
63.0
54.0
9.0
9.0
12.0
15.0
20.0
26.0
32.0
38.0
44.0
51.0
35.0
42.0
49.0
57.0
67.0
77.0
87.0
99.0
111.0
123.0
135.0
147.0
159.0
171.0
112.0
119.0
125.0
89.0
95.0
102.0
94.0
101.0
109.0
108.0
118.0
130.0
142.0
155.0
63.0
42.0
45.0
35.0
38.0
41.0
40.0
43.0
48.0
53.0
58.0
64.0
71.0
78.0
39.0
44.0
49.0
54.0
61.0
68.0
75.0
82.0
89.0
96.0
104.0
112.0
120.0
129.0
88.0
93.0
98.0
92.0
98.0
104.0
110.0
116.0
122.0
128.0
134.0
140.0
147.0
154.0
80.0
84.0
88.0
92.0
65.0
71.0
78.0
85.0
93.0
102.0
111.0
121.0
132.0
143.0
87.0
94.0
100.0
76.0
82.0
88.0
95.0
92.0
100.0
108.0
116.0
125.0
134.0
143.0
50.0
52.0
54.0
33.0
35.0
37.0
40.0
43.0
46.0
49.0
54.0
59.0
65.0
71.0
76.0
44.0
48.0
54.0
60.0
66.0
55.0
63.0
72.0
81.0
91.0
101.0
111.0
124.0
86.0
64.0
68.0
52.0
57.0
63.0
53.0
60.0
67.0
74.0
82.0
90.0
100.0
111.0
35.0
38.0
41.0
41.0
41.0
39.0
42.0
46.0
50.0
54.0
58.0
62.0
66.0
71.0
50.0
54.0
58.0
38.0
42.0
47.0
53.0
60.0
70.0
80.0
90.0
101.0
112.0
123.0
96.0
71.0
75.0
78.0
74.0
77.0
59.0
64.0
69.0
65.0
71.0
77.0
84.0
91.0
27.0
29.0
32.0
35.0
30.0
34.0
39.0
45.0
52.0
59.0
68.0
79.0
90.0
101.0
58.0
60.0
61.0
53.0
46.0
34.0
29.0
31.0
33.0
35.0
37.0
40.0
43.0
46.0
41.0
43.0
45.0
47.0
49.0
52.0
55.0
58.0
61.0
66.0
73.0
80.0
87.0
95.0
46.0
51.0
55.0
41.0
45.0
49.0
48.0
53.0
54.0
59.0
64.0
69.0
74.0
79.0
47.0
32.0
35.0
38.0
41.0
44.0
47.0
50.0
53.0
56.0
59.0
62.0
67.0
72.0
40.0
43.0
46.0
46.0
51.0
56.0
61.0
66.0
72.0
78.0
84.0
90.0
96.0
102.0
32.0
35.0
38.0
30.0
33.0
36.0
39.0
42.0
45.0
48.0
51.0
54.0
57.0
61.0
17.0
19.0
21.0
23.0
24.0
27.0
30.0
33.0
37.0
41.0
46.0
51.0
57.0
64.0
41.0
44.0
47.0
43.0
46.0
49.0
50.0
53.0
57.0
61.0
65.0
69.0
73.0
77.0
62.0
64.0
66.0
67.0
70.0
73.0
77.0
81.0
85.0
89.0
93.0
97.0
101.0
105.0
76.0
78.0
80.0
71.0
73.0
75.0
77.0
80.0
83.0
86.0
89.0
93.0
97.0
101.0
74.0
77.0
80.0
83.0
86.0
89.0
92.0
96.0
100.0
105.0
110.0
115.0
120.0
126.0
100.0
103.0
106.0
109.0
106.0
109.0
112.0
117.0
122.0
127.0
132.0
137.0
142.0
147.0
121.0
124.0
127.0
130.0
133.0
136.0
140.0
144.0
148.0
152.0
156.0
161.0
167.0
173.0
151.0
153.0
155.0
154.0
156.0
158.0
160.0
162.0
164.0
166.0
169.0
172.0
175.0
179.0
133.0
136.0
139.0
142.0
145.0
148.0
151.0
154.0
158.0
163.0
168.0
175.0
182.0
189.0
171.0
178.0
185.0
192.0
200.0
208.0
216.0
224.0
232.0
240.0
248.0
256.0
264.0
272.0
198.0
200.0
201.0
202.0
191.0
176.0
167.0
170.0
173.0
176.0
179.0
182.0
185.0
188.0
180.0
183.0
186.0
189.0
192.0
195.0
199.0
203.0
207.0
212.0
217.0
225.0
233.0
241.0
199.0
203.0
208.0
210.0
216.0
223.0
231.0
239.0
247.0
255.0
263.0
272.0
281.0
290.0
254.0
234.0
237.0
230.0
220.0
223.0
223.0
227.0
231.0
235.0
239.0
243.0
247.0
251.0
233.0
235.0
237.0
239.0
241.0
243.0
246.0
249.0
252.0
255.0
258.0
262.0
267.0
272.0
53.0
59.0
65.0
71.0
77.0
83.0
89.0
96.0
103.0
110.0
118.0
126.0
135.0
144.0
140.0
147.0
154.0
161.0
168.0
176.0
184.0
192.0
200.0
209.0
218.0
227.0
236.0
245.0
156.0
122.0
125.0
100.0
104.0
108.0
102.0
106.0
110.0
115.0
120.0
125.0
130.0
136.0
63.0
67.0
71.0
45.0
50.0
55.0
60.0
65.0
70.0
76.0
82.0
89.0
97.0
106.0
43.0
48.0
53.0
54.0
59.0
64.0
69.0
74.0
79.0
84.0
89.0
94.0
99.0
104.0
17.0
17.0
17.0
0.0
0.0
0.0
0.0
0.0
0.0
0.0
0.0
0.0
0.0
0.0
0.0
0.0
0.0
0.0
1.0
2.0
3.0
4.0
5.0
6.0
0.0
0.0
0.0
0.0
0.0
0.0
0.0
1.0
2.0
3.0
4.0
5.0
7.0
9.0
0.0
0.0
0.0
0.0
0.0
0.0
0.0
1.0
3.0
5.0
7.0
9.0
11.0
13.0
0.0
0.0
0.0
0.0
0.0
0.0
0.0
0.0
0.0
0.0
0.0
0.0
0.0
0.0
0.0
0.0
0.0
0.0
0.0
0.0
2.0
4.0
7.0
10.0
3.0
4.0
5.0
6.0
7.0
8.0
9.0
10.0
11.0
12.0
13.0
14.0
15.0
16.0
0.0
0.0
0.0
0.0
0.0
0.0
0.0
1.0
2.0
4.0
6.0
8.0
10.0
12.0
6.0
7.0
8.0
9.0
10.0
11.0
12.0
13.0
15.0
17.0
19.0
21.0
23.0
25.0
20.0
21.0
22.0
23.0
24.0
25.0
26.0
27.0
28.0
29.0
30.0
31.0
33.0
35.0
0.0
0.0
0.0
0.0
0.0
0.0
1.0
2.0
3.0
4.0
5.0
6.0
7.0
8.0
0.0
0.0
0.0
1.0
2.0
3.0
5.0
7.0
9.0
11.0
13.0
15.0
17.0
19.0
1.0
2.0
4.0
6.0
8.0
10.0
12.0
14.0
16.0
18.0
21.0
24.0
27.0
31.0
15.0
16.0
17.0
18.0
20.0
22.0
24.0
27.0
30.0
33.0
36.0
39.0
42.0
45.0
29.0
31.0
33.0
35.0
38.0
41.0
44.0
47.0
50.0
53.0
56.0
59.0
62.0
65.0
43.0
44.0
45.0
46.0
47.0
48.0
49.0
50.0
51.0
52.0
53.0
54.0
56.0
58.0
4.0
7.0
10.0
13.0
16.0
19.0
22.0
25.0
28.0
31.0
34.0
37.0
40.0
43.0
17.0
18.0
19.0
20.0
21.0
22.0
23.0
24.0
25.0
26.0
27.0
28.0
29.0
30.0
0.0
0.0
0.0
0.0
0.0
0.0
0.0
0.0
0.0
0.0
0.0
0.0
0.0
0.0
0.0
0.0
0.0
0.0
0.0
0.0
0.0
1.0
2.0
4.0
6.0
8.0
10.0
12.0
8.0
9.0
10.0
11.0
12.0
13.0
15.0
17.0
19.0
21.0
23.0
25.0
27.0
29.0
22.0
23.0
24.0
25.0
26.0
27.0
28.0
30.0
32.0
35.0
39.0
43.0
47.0
51.0
13.0
15.0
18.0
21.0
24.0
27.0
30.0
33.0
36.0
39.0
42.0
45.0
48.0
51.0
19.0
20.0
21.0
23.0
25.0
27.0
29.0
31.0
33.0
35.0
37.0
39.0
41.0
43.0
33.0
34.0
35.0
36.0
37.0
38.0
39.0
40.0
41.0
42.0
43.0
44.0
46.0
48.0
0.0
0.0
0.0
0.0
0.0
0.0
0.0
1.0
2.0
3.0
4.0
5.0
6.0
7.0
0.0
0.0
0.0
0.0
0.0
1.0
2.0
3.0
4.0
5.0
6.0
7.0
8.0
9.0
0.0
0.0
0.0
0.0
0.0
0.0
0.0
0.0
0.0
0.0
0.0
0.0
0.0
0.0
0.0
0.0
0.0
0.0
0.0
0.0
0.0
0.0
1.0
2.0
3.0
4.0
5.0
6.0
0.0
0.0
0.0
0.0
0.0
0.0
0.0
0.0
0.0
0.0
0.0
0.0
0.0
0.0
0.0
0.0
0.0
0.0
0.0
0.0
0.0
0.0
0.0
0.0
0.0
0.0
0.0
1.0
1.0
0.0
0.0
0.0
0.0
0.0
0.0
0.0
0.0
1.0
2.0
3.0
4.0
5.0
0.0
0.0
0.0
0.0
0.0
0.0
0.0
0.0
1.0
2.0
3.0
4.0
5.0
6.0
1.0
2.0
3.0
4.0
5.0
6.0
7.0
8.0
9.0
10.0
11.0
12.0
13.0
15.0
4.0
7.0
10.0
13.0
16.0
19.0
22.0
26.0
30.0
35.0
40.0
46.0
52.0
58.0
19.0
22.0
24.0
18.0
20.0
22.0
19.0
21.0
23.0
26.0
29.0
32.0
35.0
38.0
21.0
23.0
25.0
28.0
31.0
34.0
37.0
40.0
43.0
46.0
49.0
52.0
55.0
58.0
41.0
43.0
45.0
48.0
51.0
54.0
57.0
61.0
65.0
69.0
73.0
77.0
81.0
85.0
26.0
27.0
28.0
29.0
30.0
31.0
32.0
33.0
34.0
35.0
36.0
37.0
38.0
39.0
0.0
0.0
0.0
0.0
0.0
0.0
0.0
0.0
0.0
0.0
0.0
0.0
0.0
0.0
0.0
0.0
0.0
0.0
0.0
0.0
0.0
0.0
0.0
0.0
0.0
0.0
0.0
0.0
0.0
1.0
2.0
3.0
4.0
5.0
6.0
7.0
8.0
9.0
0.0
0.0
0.0
0.0
0.0
0.0
0.0
0.0
0.0
0.0
0.0
0.0
0.0
0.0
0.0
0.0
0.0
0.0
0.0
0.0
0.0
0.0
0.0
0.0
0.0
0.0
0.0
0.0
0.0
0.0
0.0
0.0
0.0
0.0
0.0
0.0
0.0
0.0
0.0
0.0
0.0
0.0
0.0
0.0
0.0
0.0
1.0
2.0
0.0
0.0
0.0
0.0
0.0
0.0
0.0
0.0
0.0
0.0
0.0
0.0
0.0
0.0
0.0
0.0
0.0
0.0
0.0
0.0
0.0
0.0
0.0
0.0
0.0
0.0
0.0
0.0
0.0
0.0
0.0
0.0
0.0
0.0
0.0
0.0
0.0
0.0
0.0
0.0
0.0
0.0
0.0
0.0
0.0
0.0
0.0
0.0
0.0
0.0
0.0
0.0
0.0
0.0
0.0
0.0
0.0
0.0
0.0
0.0
0.0
0.0
0.0
0.0
0.0
1.0
2.0
3.0
0.0
0.0
0.0
0.0
0.0
0.0
0.0
1.0
2.0
4.0
6.0
8.0
10.0
12.0
7.0
0.0
0.0
0.0
0.0
0.0
0.0
0.0
0.0
0.0
0.0
0.0
0.0
0.0
0.0
0.0
0.0
0.0
0.0
0.0
0.0
0.0
0.0
0.0
0.0
0.0
0.0
0.0
0.0
0.0
0.0
0.0
0.0
0.0
0.0
0.0
0.0
0.0
0.0
0.0
0.0
0.0
0.0
0.0
1.0
2.0
4.0
6.0
0
0
0
0
0
0
0
0
0
0
0
0
0
0
0
0
0
0
0
0
0
0
0
0
0
0
0
0
0
0
0
0
0
0.0
0.0
0.0
0.0
0.0
0.0
0.0
0.0
0.0
0.0
0.0
0.0
0.0
0.0
0.0
0.0
0.0
0.0
0.0
0.0
0.0
0.0
0.0
0.0
0.0
0.0
0.0
0.0
0.0
0.0
0.0
0.0
0.0
0.0
0.0
0.0
0.0
0.0
0.0
0.0
0.0
0.0
0.0
0.0
0.0
0.0
0.0
0.0
0.0
0.0
0.0
0.0
0.0
0.0
0.0
0.0
0.0
0.0
0.0
0.0
0.0
1.0
2.0
3.0
4.0
0.0
0.0
0.0
0.0
0.0
0.0
0.0
0.0
0.0
0.0
0.0
0.0
0.0
0.0
0.0
0.0
0.0
0.0
0.0
0.0
0.0
0.0
0.0
0.0
0.0
0.0
0.0
0.0
0.0
0.0
0.0
0.0
0.0
0.0
0.0
1.0
2.0
3.0
0.0
0.0
0.0
0.0
0.0
0.0
0.0
0.0
0.0
0.0
0.0
0.0
0.0
0.0
0.0
0.0
0.0
0.0
0.0
0.0
0.0
0.0
0.0
0.0
0.0
0.0
0.0
0.0
0.0
0.0
0.0
0.0
1.0
2.0
3.0
4.0
5.0
6.0
6.0
0.0
0.0
0.0
0.0
0.0
0.0
0.0
0.0
0.0
0.0
0.0
0.0
0.0
0.0
0.0
0.0
0.0
0.0
0.0
0.0
0.0
0.0
0.0
0.0
0.0
0.0
0.0
0
0
0
0
0
0
0
0
0
0
0
0
0
0
0
0.0
0.0
0.0
0.0
0.0
0.0
0.0
0.0
0.0
0.0
0.0
0.0
0.0
0.0
0.0
0.0
0.0
0.0
0.0
0.0
0.0
0.0
0.0
0.0
0.0
0.0
0.0
0.0
0.0
0.0
0.0
0.0
0.0
0.0
0.0
0.0
0.0
0.0
0.0
0.0
0.0
0.0
0.0
0.0
0.0
0.0
0.0
0.0
0.0
0.0
0.0
0.0
0.0
0.0
0.0
0.0
0.0
0.0
0.0
0.0
0.0
0.0
0.0
0.0
0.0
0.0
0.0
0.0
0.0
0.0
0.0
0.0
0.0
0.0
0.0
0.0
0.0
0.0
0.0
0.0
0.0
0.0
0.0
0.0
0.0
0.0
0.0
0.0
0.0
0.0
0.0
0.0
0.0
0.0
0.0
1.0
2.0
3.0
4.0
5.0
6.0
0
0
0
0
0
0
0
0
0
0
0
0
0
0
0
0
0
0
0
0
0
0
0
0
0
0
0
0
0
0
0
0
0
0
0
0
0
0
0
0
0
0
0
0
0
0
0
0
0
0
0
0
0
0
0
0
0
0
0
0
0
0
0
0
0
0
0
0
0
0
0
0
0
0
0
0
0
0
0
0
0
0
0
0
0
0
0
0
0
0
0
0
0
0
0
0
0
0
0
0
0
0
0
0
0
0
0
0
0.0
0.0
0.0
0.0
0.0
0.0
0.0
0.0
0.0
0.0
0.0
0.0
0.0
0.0
0.0
0.0
0.0
0.0
0.0
0.0
0.0
0.0
0.0
0.0
0.0
0.0
0.0
0.0
0.0
0.0
0.0
0.0
0.0
0.0
0.0
0.0
0.0
0.0
0.0
0.0
0.0
0.0
0.0
0.0
0.0
0.0
0.0
0.0
0.0
0.0
0.0
0.0
0.0
0.0
1.0
2.0
3.0
4.0
5.0
6.0
0
0
0.0
0.0
0.0
0.0
0.0
0.0
0.0
0.0
0.0
0.0
0.0
0.0
0.0
0.0
0.0
0.0
0.0
0.0
0.0
0.0
0.0
0.0
0.0
0.0
0.0
0.0
0.0
0.0
0.0
0.0
0.0
0.0
0.0
0.0
0.0
0.0
0.0
0.0
0.0
0.0
0.0
0.0
0.0
0.0
0.0
0.0
0.0
0.0
0.0
0.0
0.0
0.0
0.0
0.0
0.0
0.0
0.0
0.0
1.0
2.0
3.0
4.0
5.0
6.0
7.0
8.0
8.0
0
0
0
0
0
0
0
0
0
0
0
0
0
0
0
0
0
0
0
0
0
0
0
0
0
0
0
0
0
0
0
0
0
0
0
0
0
0
0
0
0
0
0
0
0
0
0
0
0
0
0
0
0
0
0
0
0
0
0
0
0
0
0
0
0
0.0
0.0
0.0
0.0
0.0
0.0
0.0
0.0
0.0
0.0
0.0
0.0
0.0
0.0
0.0
0.0
0.0
0.0
0.0
0.0
0.0
0.0
0.0
0.0
0.0
0.0
0.0
0.0
0.0
0.0
0.0
0.0
0.0
0.0
0.0
0.0
0.0
0.0
0.0
0.0
0.0
0.0
0.0
0.0
0.0
0.0
0.0
0.0
0.0
0.0
0.0
0.0
0.0
0.0
0.0
0.0
0.0
0.0
0.0
0.0
1.0
2.0
0
0
0
0
0
0
0
0
0
0
0
0
0
0
0
0
0.0
0.0
0.0
0.0
0.0
0.0
0.0
0.0
0.0
0.0
0.0
0.0
0.0
0.0
0.0
0.0
0.0
0.0
0.0
0.0
0.0
0.0
0.0
0.0
0.0
0.0
0.0
0.0
0.0
0.0
0.0
0.0
0.0
0.0
0.0
0.0
0.0
0.0
0.0
0.0
0.0
0.0
0.0
0.0
0.0
0.0
0.0
0.0
0.0
0.0
0
0
0
0
0
0
0
0
0
0
0
0
0
0
0
0
0
0
0
0
0
0
0
0
0
0
0
0
0
0
0
0
0
0
0
0
0
0
0
0
0
0
0
0
0
0
0
0
0
0
0
0
0
0
0
0
0
0
0
0
0
0
0
0
0
0
0
0
0
0
0
0
0
0
0
0
0
0
0
0
0
0
0
0
0
0
0
0
0
0
0
0
0
0
0
0
0
0
0
0
0
0
0
0
0
0
0
0
0
0
0
0
0
0
0
0
0
0
0
0
0
0
0
0
0
0
0
0
0
0
0
0
0
0
0
0
0
0
0
0
0
0
0
0
0
0
0
0
0
0
0
0
0
0
0
0
0
0
0
0
0
0
0
0
0
0
0
0
0
0
0
0
0
0
0
0
0
0
0
0
0
0
0
0
0
0
0
0
0
0
0
0
0
0
0
0
0
0
0
0
0
0
0
0
0
0
0
0
0
0
0
0
0
0
0
0
0
0
0
0
0
0
0
0
0
0
0
0
0
0
0
0
0
0
0
0
0
0
0
0
0
0
0
0
0
0
0
0
0
0
0
0
0
0
0
0
0
0
0
0
0
0
0
0
0
0
0
0
0
0
0
0
0
0
0
0
0
0
0
0
0
0
0
0
0
0
0
0
0
0
0
0
0
0
0
0
0
0
0
0
0
0
0
0
0
0
0
0
0
0.0
0.0
0.0
0.0
0.0
0.0
0.0
0.0
0.0
0.0
0.0
0.0
0.0
0.0
0.0
0.0
0.0
0.0
0.0
0.0
0.0
0.0
0.0
0.0
0.0
0.0
0.0
0.0
0.0
0.0
0.0
0.0
0.0
0.0
0.0
0.0
0.0
0.0
0.0
0.0
0.0
0.0
0.0
0.0
0.0
0.0
0.0
0.0
0.0
0.0
0.0
0.0
0.0
0.0
0.0
0.0
0.0
0.0
0.0
0.0
0.0
0.0
0.0
0.0
0.0
1.0
2.0
3.0
4.0
5.0
6.0
7.0
8.0
0
0
0
0
0
0
0
0
0
0
0
0
0
0
0
0
0
0
0
0
0
0
0
0
0
0
0
0
0
0
0
0
0
0
0
0
0
0
0
0
0
0
0
0
0
0
0
0
0
0
0
0
0
0
0
0
0
0
0
0
0
0
0
0
0
0
0
0
0
0
0
0
0
0
0
0
0
0
0
0
0
0
0
0
0
0
0
0
0
0
0
0
0
0
0
0
0
0
0
0
0
0
0
0
0
0
0
0
0
0
0
0
0
0
0
0
0
0
0
0
0
0
0
0
0
0
0
0
0
0
0
0
0
0
0
0
0
0
0
0
0
0
0
0
0
0
0
0
0
0
0
0
0
0
0
0
0
0
0
0
0
0
0
0
0
0
0
0
0
0
0
0
0
0
0
0
0
0
0
0
0
0
0
0
0
0
0
0
0
0
0
0
0
0
0
0
0
0
0
0
0
0
0
0
0
0
0
0
0
0
0
0
0
0
0
0
0
0
0
0
0
0
0
0
0
0
0
0
0
0
0
0
0
0
0
0
0
0
0
0
0
0
0
0
0
0
0
0
0
0
0
0
0
0
0
0
0
0
0
0
0
0
0
0
0
0
0
0
0
0
0
0
0
0
0
0
0
0
0
0
0
0
0
0
0
0
0
0
0
0
0
0
0
0
0
0
0
0
0
0
0
0
0
0
0
0
0
0
0
0
0
0
0
0
0
0
0
0
0
0
0
0
0
0
0
0
0
0
0
0
0
0
0
0
0
0
0
0
0
0
0
0
0
0
0
0
0
0
0
0
0
0
0
0
0
0
0
0
0
0
0
0
0
0
0
0
0
0
0
0
0
0
0
0
0
0
0
0
0
0
0
0
0
0
0
0
0
0
0
0
0
0
0
0
0
0
0
0
0
0
0
0
0
0
0
0
0
0
0
0
0
0
0
0
0
0
0
0
0
0
0
0
0
0
0
0
0
0
0
0
0
0
0
0
0
0
0
0
0
0
0
0
0
0
0
0
0
0
0
0
0
0
0
0
0
0
0
0
0
0
0
0
0
0
0
0
0
0
0
0
0
0
0
0
0
0
0
0
0
0
0
0
0
0
0
0
0
0
0
0
0
0
0
0
0
0
0
0
0
0
0
0
0
0
0
0
0
0
0
0
0
0
0
0
0
0
0
0
0
0
0
0
0
0
0
0
0
0
0
0
0
0
0
0
0
0
0
0
0
0
0
0
0
0
0
0
0
0
0
0
0
0
0
0
0
0
0
0
0
0
0
0
0
0
0
0
0
0
0
0
0
0
0
0
0
0
0
0
0
0
0
0
0
0
0
0
0
0
0
0
0
0
0
0
0
0
0
0
0
0
0
0
0
0
0
0
0
0
0
0
0
0
0
0
0
0
0
0
0
0
0
0
0
0
0
0
0
0
0
0
0
0
0
0
0
0
0
0
0
0
0
0
0
0
0
0
0
0
0
0
0
0
0
0
0
0
0
0
0
0
0
0
0
0
0
0
0
0
0
0
0
0
0
0
0
0
0
0
0
0
0
0
0
0
0
0
0
0
0
0
0
0
0
0
0
0
0
0
0
0
0
0
0
0
0
0
0
0
0
0
0
0
0
0
0
0
0
0
0
0
0
0
0
0
0
0
0
0
0
0
0
0
0
0
0
0
0
0
0
0
0
0
0
0
0
0
0
0
0
0
0
0
0
0
0
0
0
0
0
0
0
0
0
0
0
0
0
0
0
0
0
0
0
0
0
0
0
0
0
0
0
0
0
0
0
0
0
0
0
0
0
0
0
0
0
0
0
0
0
0
0
0
0
0
0
0
0
0
0
0
0
0
0
0
0
0
0
0
0
0
0
0
0
0
0
0
0
0
0
0
0
0
0
0
0
0
0
0
0
0
0
0
0
0
0
0
0
0
0
0
0
0
0
0
0
0
0
0
0
0
0
0
0
0
0
0
0
0
0
0
0
0
0
0
0
0
0
0
0
0
0
0
0
0
0
0
0
0
0
0
0
0
0
0
0
0
0
0
0
0
0
0
0
0
0
0
0
0
0
0
0
0
0
0
0
0
0
0
0
0
0
0
0
0
0
0
0
0
0
0
0
0
0
0
0
0
0
0
0
0
0
0
0
0
0
0
0
0
0
0
0
0
0
0
0
0
0
0
0
0
0
0
0
0
0
0
0
0
0
0
0
0
0
0
0
0
0
0
0
0
0
0
0
0
0
0
0
0
0
0
0
0
0
0
0
0
0
0
0
0
0
0
0
0
0
0
0
0
0
0
0
0
0
0
0
0
0
0
0
0
0
0
0
0
0
0
0
0
0
0
0
0
0
0
0
0
0
0
0
0
0
0
0
0
0
0
0
0
0
0
0
0
0
0
0
0
0
0
0
0
0
0
0
0
0
0
0
0
0
0
0
0
0
0
0
0
0
0
0
0
0
0
0
0
0
0
0
0
0
0
0
0
0
0
0
0
0
0
0
0
0
0
0
0
0
0
0
0
0
0
0
0
0
0
0
0
0
0
0
0
0
0
0
0
0
0
0
0
0
0
0
0
0
0
0
0
0
0
0
0
0
0
0
0
0
0
0
0
0
0
0
0
0
0
0
0
0
0
0
0
0
0
0
0
0
0
0
0
0
0
0
0
0
0
0
0
0
0
0
0
0
0
0
0
0
0
0
0
0
0
0
0
0
0
0
0
0
0
0
0
0
0
0
0
0
0
0
0
0
0
0
0
0
0
0
0
0
0
0
0
0
0
0
0
0
0
